    8.3474194102E-02   -6.6114581993E-02    4.1789860292E-02
   -2.5888624304E-01   -1.7214627335E-01   -3.7804380534E-01
    3.3815730535E-02   -4.2551637693E-02    1.8145558647E-02
    2.3823649182E-01   -2.3877710801E-01    3.0825759357E-01
    1.8469083854E-04   -2.2114940691E-04    5.0843487370E-04
    0.0000000000E+00    0.0000000000E+00    0.0000000000E+00
    0.0000000000E+00    0.0000000000E+00    0.0000000000E+00
    0.0000000000E+00    0.0000000000E+00    0.0000000000E+00
    0.0000000000E+00    0.0000000000E+00    0.0000000000E+00
    0.0000000000E+00    0.0000000000E+00    0.0000000000E+00
    0.0000000000E+00    0.0000000000E+00    0.0000000000E+00
    1.4399490960E-03    1.7359914928E-04    3.7698105443E-04
    0.0000000000E+00    0.0000000000E+00    0.0000000000E+00
    1.9803682637E-03   -9.2535056462E-04    6.5604898669E-04
   -1.7049018700E-03    3.2505187396E-03   -1.4417118474E-03
    1.3080696026E-03    4.3138399766E-04    1.5057257780E-04
   -6.7804041309E-06   -1.5815190734E-03   -1.6133739809E-03
    0.0000000000E+00    0.0000000000E+00    0.0000000000E+00
    0.0000000000E+00    0.0000000000E+00    0.0000000000E+00
    3.4809771270E-03    2.6192705996E-03   -6.7939874949E-03
    0.0000000000E+00    0.0000000000E+00    0.0000000000E+00
    0.0000000000E+00    0.0000000000E+00    0.0000000000E+00
    0.0000000000E+00    0.0000000000E+00    0.0000000000E+00
    0.0000000000E+00    0.0000000000E+00    0.0000000000E+00
    0.0000000000E+00    0.0000000000E+00    0.0000000000E+00
    1.9774703393E-03    2.4414252294E-03    9.5628327770E-04
    0.0000000000E+00    0.0000000000E+00    0.0000000000E+00
    0.0000000000E+00    0.0000000000E+00    0.0000000000E+00
    0.0000000000E+00    0.0000000000E+00    0.0000000000E+00
    0.0000000000E+00    0.0000000000E+00    0.0000000000E+00
    0.0000000000E+00    0.0000000000E+00    0.0000000000E+00
    0.0000000000E+00    0.0000000000E+00    0.0000000000E+00
    1.5964717479E-03   -1.0254203138E-03    7.2612891331E-04
    9.0782519650E-04    1.6067148863E-03   -1.2883153376E-03
    1.1660725839E-03   -4.3670722562E-04    2.5264736943E-04
    0.0000000000E+00    0.0000000000E+00    0.0000000000E+00
    0.0000000000E+00    0.0000000000E+00    0.0000000000E+00
    0.0000000000E+00    0.0000000000E+00    0.0000000000E+00
    0.0000000000E+00    0.0000000000E+00    0.0000000000E+00
    0.0000000000E+00    0.0000000000E+00    0.0000000000E+00
    0.0000000000E+00    0.0000000000E+00    0.0000000000E+00
    0.0000000000E+00    0.0000000000E+00    0.0000000000E+00
    0.0000000000E+00    0.0000000000E+00    0.0000000000E+00
    0.0000000000E+00    0.0000000000E+00    0.0000000000E+00
    2.9698624162E-03    1.5157920424E-03    2.5322823899E-04
    1.1083622864E-03    4.7088165183E-04   -3.0849639334E-04
    3.4202970098E-03    8.3470082128E-03   -2.4232151713E-02
    1.1168987474E-03    1.1760732022E-03   -9.3027753603E-05
    1.5911440318E-02   -6.1124209225E-03    5.3299715009E-03
   -9.5676056771E-03   -9.2708409814E-02    2.3134696566E-02
    2.0163954084E-02   -2.5282582043E-02    1.5362090177E-02
    6.2879692856E-03   -6.7491589392E-03    3.9025672093E-03
    1.2135599789E-02   -1.8812482337E-02    1.7153611261E-03
   -5.2188044846E-02    6.3371314353E-01   -5.9512782578E-02
   -1.7063974921E-02   -7.7755458044E-02   -7.3577580804E-03
    4.5237385668E-02   -1.1303948720E-01    2.1367371814E-02
    0.0000000000E+00    0.0000000000E+00    0.0000000000E+00
    0.0000000000E+00    0.0000000000E+00    0.0000000000E+00
    2.1290028556E-03   -7.4812530473E-04    4.8159423458E-03
   -1.4916909397E-02    3.7219849641E-02   -2.6911634022E-02
    1.1744781092E-03   -6.5459293122E-04   -6.1801965591E-05
    0.0000000000E+00    0.0000000000E+00    0.0000000000E+00
    0.0000000000E+00    0.0000000000E+00    0.0000000000E+00
    0.0000000000E+00    0.0000000000E+00    0.0000000000E+00
    0.0000000000E+00    0.0000000000E+00    0.0000000000E+00
    8.9412735130E-04   -3.0191929011E-03    4.8984673188E-04
    0.0000000000E+00    0.0000000000E+00    0.0000000000E+00
    0.0000000000E+00    0.0000000000E+00    0.0000000000E+00
    1.5668986760E-03    1.1743688244E-03   -1.4305435924E-03
    0.0000000000E+00    0.0000000000E+00    0.0000000000E+00
   -2.2042181956E-02    3.8713111574E-02   -2.5697732571E-02
    0.0000000000E+00    0.0000000000E+00    0.0000000000E+00
    0.0000000000E+00    0.0000000000E+00    0.0000000000E+00
    0.0000000000E+00    0.0000000000E+00    0.0000000000E+00
    4.6194833840E-02   -1.0731604302E-02    1.2943211581E-02
    1.0065320681E-03    7.9758241663E-05    2.6799215008E-04
    1.2836788512E-03   -1.8961083957E-03   -1.5649901085E-02
    0.0000000000E+00    0.0000000000E+00    0.0000000000E+00
    0.0000000000E+00    0.0000000000E+00    0.0000000000E+00
    0.0000000000E+00    0.0000000000E+00    0.0000000000E+00
    0.0000000000E+00    0.0000000000E+00    0.0000000000E+00
    0.0000000000E+00    0.0000000000E+00    0.0000000000E+00
    4.5660311746E-03   -1.9514613201E-03   -2.8225007992E-03
    3.1911444497E-04    1.4809212709E-03    4.2140752713E-03
   -2.7162805295E-02    2.8600929938E-02   -8.2120959237E-02
    9.5887825749E-04    6.1365864958E-04   -4.3774338606E-04
    0.0000000000E+00    0.0000000000E+00    0.0000000000E+00
    0.0000000000E+00    0.0000000000E+00    0.0000000000E+00
    0.0000000000E+00    0.0000000000E+00    0.0000000000E+00
   -1.9909133098E-04    2.9867744531E-03   -7.6546250160E-04
    0.0000000000E+00    0.0000000000E+00    0.0000000000E+00
    0.0000000000E+00    0.0000000000E+00    0.0000000000E+00
    0.0000000000E+00    0.0000000000E+00    0.0000000000E+00
    0.0000000000E+00    0.0000000000E+00    0.0000000000E+00
    0.0000000000E+00    0.0000000000E+00    0.0000000000E+00
    9.9109896027E-04   -7.3860992143E-04    3.3721851741E-04
    2.0339696764E-03    1.4177881524E-03   -7.3626768520E-04
    9.6941031107E-04   -6.7080111199E-06    8.4802717189E-04
    0.0000000000E+00    0.0000000000E+00    0.0000000000E+00
    0.0000000000E+00    0.0000000000E+00    0.0000000000E+00
    1.3446242216E-03   -1.9657891679E-04    1.5000430041E-03
    0.0000000000E+00    0.0000000000E+00    0.0000000000E+00
    5.9401874339E-03    1.5601616094E-03    1.9064380300E-03
   -6.4823475108E-03    7.8184062691E-03   -6.7291398201E-03
    0.0000000000E+00    0.0000000000E+00    0.0000000000E+00
    2.0223518289E-03   -2.3374264008E-03    3.7019976535E-03
    4.5921288947E-03   -3.6187653157E-03    4.4274467927E-04
    7.0635361654E-06    1.8334037048E-03    3.2280162826E-04
    1.9511460386E-03   -2.7840324088E-04    6.6808368649E-04
    0.0000000000E+00    0.0000000000E+00    0.0000000000E+00
    2.6458393337E-03   -5.6177240012E-03   -2.0662307885E-03
    1.5210987993E-04    2.0788444514E-03    1.6445828989E-03
    0.0000000000E+00    0.0000000000E+00    0.0000000000E+00
    0.0000000000E+00    0.0000000000E+00    0.0000000000E+00
    0.0000000000E+00    0.0000000000E+00    0.0000000000E+00
    9.9186503071E-04    9.3893890729E-04   -2.4873774082E-04
    8.0535056005E-04   -4.8682290554E-04    8.3647784505E-04
    0.0000000000E+00    0.0000000000E+00    0.0000000000E+00
    1.5940776292E-04    5.9041082879E-05    3.2623623649E-04
    1.8609435717E-03    8.6425733181E-04   -4.3850137682E-04
    0.0000000000E+00    0.0000000000E+00    0.0000000000E+00
    0.0000000000E+00    0.0000000000E+00    0.0000000000E+00
    0.0000000000E+00    0.0000000000E+00    0.0000000000E+00
   -9.3562072743E-02    1.2370590266E-01   -8.2765998882E-02
    0.0000000000E+00    0.0000000000E+00    0.0000000000E+00
    0.0000000000E+00    0.0000000000E+00    0.0000000000E+00
    5.1776638864E-03   -5.3677939344E-03    3.1263220992E-04
    0.0000000000E+00    0.0000000000E+00    0.0000000000E+00
    1.7569151668E-02    3.2040552556E-02   -3.8912152135E-02
    0.0000000000E+00    0.0000000000E+00    0.0000000000E+00
    1.8893135131E-03   -6.8294872831E-05    2.0155956775E-03
    0.0000000000E+00    0.0000000000E+00    0.0000000000E+00
   -2.3781936508E-03   -2.0997520787E-02    5.1118511620E-02
    0.0000000000E+00    0.0000000000E+00    0.0000000000E+00
    1.5960584473E-03   -1.7396321788E-03    1.4865900900E-03
    0.0000000000E+00    0.0000000000E+00    0.0000000000E+00
   -1.9050062606E-03   -2.1931546874E-02   -3.5072448687E-03
    1.0815693601E-03    8.5125721621E-04    1.2254381565E-04
    0.0000000000E+00    0.0000000000E+00    0.0000000000E+00
    9.3430512017E-04    1.0987125255E-03    1.0946948928E-03
    0.0000000000E+00    0.0000000000E+00    0.0000000000E+00
    1.3889985442E-04    4.8895667609E-04    1.3176681411E-03
    0.0000000000E+00    0.0000000000E+00    0.0000000000E+00
    0.0000000000E+00    0.0000000000E+00    0.0000000000E+00
   -2.3000148726E-04    3.5506378412E-04    4.6393863784E-04
    0.0000000000E+00    0.0000000000E+00    0.0000000000E+00
    0.0000000000E+00    0.0000000000E+00    0.0000000000E+00
    7.7106068134E-04   -6.5014392622E-04    4.5196830185E-04
    0.0000000000E+00    0.0000000000E+00    0.0000000000E+00
    0.0000000000E+00    0.0000000000E+00    0.0000000000E+00
    0.0000000000E+00    0.0000000000E+00    0.0000000000E+00
    0.0000000000E+00    0.0000000000E+00    0.0000000000E+00
    9.4918060288E-04   -8.2752719996E-04    2.1380980308E-04
   -2.9343829599E-02   -1.8970138703E-02   -8.3966371693E-03
    0.0000000000E+00    0.0000000000E+00    0.0000000000E+00
    0.0000000000E+00    0.0000000000E+00    0.0000000000E+00
    0.0000000000E+00    0.0000000000E+00    0.0000000000E+00
    2.8224283920E-03   -1.1440732756E-03    9.6958776129E-04
    0.0000000000E+00    0.0000000000E+00    0.0000000000E+00
   -1.6485082028E-03    3.2803741651E-03    1.8323138452E-03
    2.3650062210E-04   -7.2050548977E-04    1.3240657161E-03
   -1.9080223957E-02   -1.6155699092E-02    1.0620141083E-03
    0.0000000000E+00    0.0000000000E+00    0.0000000000E+00
   -3.4305575763E-03    3.7014898450E-03   -5.8586582592E-03
    0.0000000000E+00    0.0000000000E+00    0.0000000000E+00
   -3.3682157622E-02   -8.5728597400E-03    2.1557734034E-02
    0.0000000000E+00    0.0000000000E+00    0.0000000000E+00
    1.2198303121E-02    8.7782592174E-03    3.7564975450E-02
    2.9694688250E-03   -6.1964136215E-04    8.0423281062E-04
    0.0000000000E+00    0.0000000000E+00    0.0000000000E+00
    4.3536362332E-04    1.4381529665E-03   -2.4913318121E-03
    0.0000000000E+00    0.0000000000E+00    0.0000000000E+00
    1.3585075434E-03   -3.8619773631E-04   -1.9536511147E-03
    0.0000000000E+00    0.0000000000E+00    0.0000000000E+00
   -4.8399290542E-06    7.9259637138E-05    1.6612633284E-03
    0.0000000000E+00    0.0000000000E+00    0.0000000000E+00
    0.0000000000E+00    0.0000000000E+00    0.0000000000E+00
   -2.4542495607E-03   -1.8300910678E-02   -8.6048747687E-03
    0.0000000000E+00    0.0000000000E+00    0.0000000000E+00
    0.0000000000E+00    0.0000000000E+00    0.0000000000E+00
    0.0000000000E+00    0.0000000000E+00    0.0000000000E+00
    0.0000000000E+00    0.0000000000E+00    0.0000000000E+00
   -3.7580948623E-02   -1.2821561008E-02   -2.7080334590E-02
    1.5504166772E-03   -1.7807441449E-04    1.0374102320E-03
    0.0000000000E+00    0.0000000000E+00    0.0000000000E+00
    0.0000000000E+00    0.0000000000E+00    0.0000000000E+00
    0.0000000000E+00    0.0000000000E+00    0.0000000000E+00
    0.0000000000E+00    0.0000000000E+00    0.0000000000E+00
    0.0000000000E+00    0.0000000000E+00    0.0000000000E+00
    4.2038534064E-03    1.5694614050E-03   -2.5304814778E-03
    0.0000000000E+00    0.0000000000E+00    0.0000000000E+00
    5.8372022740E-04    9.3833058717E-04    1.7086087423E-03
    0.0000000000E+00    0.0000000000E+00    0.0000000000E+00
    0.0000000000E+00    0.0000000000E+00    0.0000000000E+00
    0.0000000000E+00    0.0000000000E+00    0.0000000000E+00
    0.0000000000E+00    0.0000000000E+00    0.0000000000E+00
    0.0000000000E+00    0.0000000000E+00    0.0000000000E+00
    0.0000000000E+00    0.0000000000E+00    0.0000000000E+00
    7.3992582852E-04    2.9516087970E-03    2.0646386399E-04
    2.6791375714E-03    6.7531868607E-03    5.1628174667E-03
    1.9781430195E-03   -9.7155607316E-04    2.0629450491E-03
   -5.4905328131E-04    2.3168775511E-04    3.2241090633E-04
    1.0314635096E-02   -1.9724392202E-02    3.3624102496E-02
   -9.2414831756E-04   -5.2384264629E-03    4.5832414556E-03
    1.1371238406E-03    1.1332316474E-04   -8.0437747651E-04
    4.8406121175E-03    1.1155047132E-03    1.5632449428E-03
    9.0823718007E-04   -1.4879969426E-04    3.8435307696E-04
    1.2605415832E-03   -1.5963200070E-03    3.1902393769E-04
    7.1690027803E-04    4.6927374661E-04    4.2769446560E-04
   -3.5917125266E-02   -2.5307322050E-02    3.3909455544E-02
    0.0000000000E+00    0.0000000000E+00    0.0000000000E+00
   -1.7420360479E-03    2.2431422559E-03   -5.4547107899E-03
    0.0000000000E+00    0.0000000000E+00    0.0000000000E+00
    0.0000000000E+00    0.0000000000E+00    0.0000000000E+00
    0.0000000000E+00    0.0000000000E+00    0.0000000000E+00
    1.2677233485E-03    1.0101625669E-03    3.5378001680E-04
   -3.9237271692E-03    2.6749915810E-03    6.1686456982E-03
    1.8971565535E-03   -2.9169979893E-04   -1.6181542962E-03
    0.0000000000E+00    0.0000000000E+00    0.0000000000E+00
    0.0000000000E+00    0.0000000000E+00    0.0000000000E+00
    1.0188075973E-03    2.8477180758E-03   -1.9854639299E-03
    0.0000000000E+00    0.0000000000E+00    0.0000000000E+00
    0.0000000000E+00    0.0000000000E+00    0.0000000000E+00
    0.0000000000E+00    0.0000000000E+00    0.0000000000E+00
    0.0000000000E+00    0.0000000000E+00    0.0000000000E+00
    0.0000000000E+00    0.0000000000E+00    0.0000000000E+00
   -1.1819994840E-02   -6.6281535791E-03   -2.0887375889E-02
    1.7374954113E-03    5.3969668495E-04    4.0075783943E-04
    5.7793901214E-04    3.6270095636E-03    1.0854444480E-03
    0.0000000000E+00    0.0000000000E+00    0.0000000000E+00
    3.4374351667E-03   -1.9039953899E-03    1.0876794942E-04
    8.6179386014E-04   -3.4836408187E-04    2.7506004653E-04
   -1.4393286281E-02   -1.2762466070E-02    1.1468640846E-02
   -2.7132077138E-06    2.3942983208E-03    2.6164917738E-05
    0.0000000000E+00    0.0000000000E+00    0.0000000000E+00
    1.1993404985E-03    1.7600466890E-03   -1.0353125587E-02
    0.0000000000E+00    0.0000000000E+00    0.0000000000E+00
    0.0000000000E+00    0.0000000000E+00    0.0000000000E+00
    0.0000000000E+00    0.0000000000E+00    0.0000000000E+00
   -4.2712176752E-03    1.4874220465E-02   -1.4723188417E-02
   -1.5329180309E-04    2.8633068300E-03    3.8431851353E-04
    0.0000000000E+00    0.0000000000E+00    0.0000000000E+00
    0.0000000000E+00    0.0000000000E+00    0.0000000000E+00
    0.0000000000E+00    0.0000000000E+00    0.0000000000E+00
   -1.7105887319E-03    1.3779396714E-03    1.6734162756E-03
    2.8675463968E-03   -6.7265219183E-03    1.1747215710E-02
    0.0000000000E+00    0.0000000000E+00    0.0000000000E+00
    1.1277234195E-03    2.3186879876E-04    1.3048964705E-03
    0.0000000000E+00    0.0000000000E+00    0.0000000000E+00
    1.5744306680E-03    2.9447931854E-03    1.7284240715E-03
    0.0000000000E+00    0.0000000000E+00    0.0000000000E+00
   -1.7697699503E-02    1.8786585515E-02   -4.6879829956E-02
    3.0723235958E-03    1.9294665239E-04    1.9280354576E-03
    0.0000000000E+00    0.0000000000E+00    0.0000000000E+00
    2.6426016215E-03    2.8319097939E-03    8.5601060016E-06
    7.8284633065E-04    4.3762796156E-04   -7.8975896538E-05
    0.0000000000E+00    0.0000000000E+00    0.0000000000E+00
    1.2446871034E-03   -7.4480490059E-04   -3.1445332276E-04
    0.0000000000E+00    0.0000000000E+00    0.0000000000E+00
    8.0124268945E-04   -5.1358534671E-03    2.9213655427E-05
    1.7999418438E-03    1.8043131486E-03    2.6999524509E-04
    0.0000000000E+00    0.0000000000E+00    0.0000000000E+00
    0.0000000000E+00    0.0000000000E+00    0.0000000000E+00
    6.8837609049E-03    1.4353686491E-02    1.3221446278E-02
    0.0000000000E+00    0.0000000000E+00    0.0000000000E+00
   -9.1810572675E-03   -5.7370733631E-03    1.7143467349E-02
    0.0000000000E+00    0.0000000000E+00    0.0000000000E+00
    0.0000000000E+00    0.0000000000E+00    0.0000000000E+00
    0.0000000000E+00    0.0000000000E+00    0.0000000000E+00
    0.0000000000E+00    0.0000000000E+00    0.0000000000E+00
   -2.7291629399E-03   -5.9868419416E-03    1.8619797733E-03
    0.0000000000E+00    0.0000000000E+00    0.0000000000E+00
    1.0135900319E-03    2.2850930665E-03   -1.0609542892E-03
    4.1308310631E-04    2.3031842956E-03   -2.1822364203E-03
   -5.1319432540E-03   -7.3643450385E-03    9.8635766189E-03
   -4.4385879743E-02    4.2925913166E-02    1.2976833781E-01
