    0           4.20503600         -1886.774038                    0 
    1           3.82087500         -1886.882319             -0.10828 
    2           3.02641700         -1887.051519             -0.27748 
    3           1.87266300         -1887.213875            -0.439836 
    4           0.74120800         -1887.320985            -0.546946 
    5           0.57402900         -1887.380289            -0.606251 
    6           0.46805600         -1887.418921            -0.644883 
    7           0.53781600         -1887.437413            -0.663375 
    8           0.39695800         -1887.446268             -0.67223 
    9           0.36675300         -1887.452538              -0.6785 
   10           0.32877900         -1887.459026            -0.684988 
   11           0.28971700         -1887.465820            -0.691781 
   12           0.25081100         -1887.472402            -0.698364 
   13           0.21329400         -1887.478208            -0.704169 
   14           0.20785700         -1887.481878            -0.707839 
   15           0.19036500         -1887.484187            -0.710149 
   16           0.18384400         -1887.485750            -0.711711 
   17           0.17848100         -1887.487434            -0.713396 
   18           0.17026700         -1887.489257            -0.715219 
   19           0.15981000         -1887.491222            -0.717183 
   20           0.14836300         -1887.493220            -0.719182 
   21           0.13748400         -1887.495066            -0.721028 
   22           0.12923600         -1887.496440            -0.722402 
   23           0.12431500         -1887.497406            -0.723368 
   24           0.11805500         -1887.498176            -0.724138 
   25           0.11342200         -1887.498898            -0.724859 
   26           0.10811500         -1887.499607            -0.725568 
   27           0.10449700         -1887.500256            -0.726218 
   28           0.10079600         -1887.500828            -0.726789 
   29           0.09710000         -1887.501335            -0.727296 
   30           0.09357600         -1887.501791            -0.727752 
   31           0.08940600         -1887.502214            -0.728175 
   32           0.08567200         -1887.502598            -0.728559 
   33           0.08263800         -1887.502954            -0.728916 
   34           0.07984900         -1887.503287            -0.729249 
   35           0.07797400         -1887.503603            -0.729565 
   36           0.07636500         -1887.503896            -0.729858 
   37           0.07637200         -1887.504155            -0.730117 
   38           0.07638600         -1887.504394            -0.730356 
   39           0.07667300         -1887.504603            -0.730565 
   40           0.07803100         -1887.504790            -0.730751 
   41           0.07865300         -1887.504956            -0.730918 
   42           0.07874100         -1887.505100            -0.731062 
   43           0.07589800         -1887.505230            -0.731192 
   44           0.07519400         -1887.505364            -0.731326 
   45           0.07375600         -1887.505492            -0.731453 
   46           0.07424900         -1887.505611            -0.731573 
   47           0.07458500         -1887.505722            -0.731684 
   48           0.07663200         -1887.505828             -0.73179 
   49           0.07664700         -1887.505913            -0.731875 
   50           0.07719300         -1887.505991            -0.731953 
   51           0.07628600         -1887.506067            -0.732029 
   52           0.07657200         -1887.506143            -0.732104 
   53           0.07660400         -1887.506209            -0.732171 
   54           0.07655100         -1887.506270            -0.732232 
   55           0.07573700         -1887.506332            -0.732293 
   56           0.07686800         -1887.506387            -0.732348 
   57           0.07566100         -1887.506423            -0.732385 
   58           0.07546300         -1887.506456            -0.732418 
   59           0.07449300         -1887.506477            -0.732439 
   60           0.07459900         -1887.506502            -0.732464 
   61           0.07420400         -1887.506513            -0.732475 
   62           0.07455800         -1887.506518             -0.73248 
   63           0.07545800         -1887.506522            -0.732483 
   64           0.07541000         -1887.506523            -0.732485 
   65           0.07611500         -1887.506518             -0.73248 
   66           0.07439800         -1887.506515            -0.732476 
   67           0.07401300         -1887.506521            -0.732483 
   68           0.07365300         -1887.506520            -0.732482 
   69           0.07372500         -1887.506515            -0.732476 
   70           0.07410000         -1887.506498            -0.732459 
   71           0.07531100         -1887.506468             -0.73243 
   72           0.07580400         -1887.506436            -0.732398 
   73           0.07633500         -1887.506396            -0.732357 
   74           0.07603900         -1887.506348             -0.73231 
   75           0.07393300         -1887.506295            -0.732256 
   76           0.07392300         -1887.506235            -0.732197 
   77           0.07252800         -1887.506186            -0.732147 
   78           0.07326700         -1887.506147            -0.732109 
   79           0.07390700         -1887.506105            -0.732067 
   80           0.07467500         -1887.506059             -0.73202 
   81           0.07526500         -1887.505992            -0.731954 
   82           0.07456100         -1887.505927            -0.731889 
   83           0.07366300         -1887.505853            -0.731814 
   84           0.07224000         -1887.505785            -0.731747 
   85           0.07078000         -1887.505721            -0.731682 
   86           0.07190600         -1887.505662            -0.731624 
   87           0.07212000         -1887.505605            -0.731566 
   88           0.07419300         -1887.505546            -0.731508 
   89           0.07454100         -1887.505476            -0.731438 
   90           0.07308600         -1887.505399             -0.73136 
   91           0.07266600         -1887.505319            -0.731281 
   92           0.07132700         -1887.505256            -0.731217 
   93           0.07178300         -1887.505183            -0.731145 
   94           0.07222900         -1887.505106            -0.731068 
   95           0.07305900         -1887.505027            -0.730989 
   96           0.07352300         -1887.504946            -0.730908 
   97           0.07402500         -1887.504845            -0.730807 
   98           0.07400000         -1887.504746            -0.730708 
   99           0.07339200         -1887.504639              -0.7306 
  100           0.07226200         -1887.504511            -0.730473 
  101           0.07101900         -1887.504386            -0.730348 
  102           0.07046300         -1887.504278             -0.73024 
  103           0.07065500         -1887.504177            -0.730139 
  104           0.07112400         -1887.504060            -0.730022 
  105           0.07195700         -1887.503925            -0.729887 
  106           0.07123000         -1887.503804            -0.729766 
  107           0.06969200         -1887.503660            -0.729622 
  108           0.06832300         -1887.503529             -0.72949 
  109           0.06728700         -1887.503390            -0.729352 
  110           0.06730600         -1887.503269             -0.72923 
  111           0.06772000         -1887.503134            -0.729096 
  112           0.06853300         -1887.502999            -0.728961 
  113           0.06937000         -1887.502837            -0.728799 
  114           0.06904800         -1887.502665            -0.728627 
  115           0.06780000         -1887.502493            -0.728454 
  116           0.06680900         -1887.502341            -0.728302 
  117           0.06629800         -1887.502170            -0.728132 
  118           0.06561200         -1887.501997            -0.727958 
  119           0.06587900         -1887.501827            -0.727789 
  120           0.06608400         -1887.501663            -0.727625 
  121           0.06627300         -1887.501483            -0.727445 
  122           0.06640600         -1887.501300            -0.727261 
  123           0.06607200         -1887.501108            -0.727069 
  124           0.06600400         -1887.500919             -0.72688 
  125           0.06527800         -1887.500737            -0.726699 
  126           0.06612500         -1887.500554            -0.726515 
  127           0.06538700         -1887.500368             -0.72633 
  128           0.06654400         -1887.500174            -0.726136 
  129           0.06532900         -1887.499971            -0.725932 
  130           0.06609600         -1887.499768             -0.72573 
  131           0.06544300         -1887.499570            -0.725531 
  132           0.06891200         -1887.499397            -0.725358 
  133           0.06273700         -1887.499232            -0.725194 
  134           0.06704800         -1887.499061            -0.725022 
  135           0.06366700         -1887.498873            -0.724835 
  136           0.06231900         -1887.498683            -0.724645 
  137           0.06276600         -1887.498490            -0.724451 
  138           0.06576300         -1887.498313            -0.724274 
  139           0.07077800         -1887.498143            -0.724105 
  140           0.07365500         -1887.497971            -0.723933 
  141           0.07157100         -1887.497810            -0.723772 
  142           0.05858900         -1887.497645            -0.723607 
  143           0.06381000         -1887.497450            -0.723412 
  144           0.05696500         -1887.497271            -0.723233 
  145           0.05658700         -1887.497095            -0.723057 
  146           0.05548900         -1887.496917            -0.722878 
  147           0.05791800         -1887.496741            -0.722702 
  148           0.06108800         -1887.496578             -0.72254 
  149           0.06470600         -1887.496418            -0.722379 
  150           0.06721300         -1887.496259             -0.72222 
  151           0.07019700         -1887.496084            -0.722045 
  152           0.06621400         -1887.495914            -0.721876 
  153           0.07006800         -1887.495725            -0.721687 
  154           0.07075100         -1887.495532            -0.721494 
  155           0.07369900         -1887.495350            -0.721312 
  156           0.06620000         -1887.495182            -0.721144 
  157           0.06313000         -1887.495001            -0.720963 
  158           0.05927500         -1887.494791            -0.720753 
  159           0.05553500         -1887.494564            -0.720526 
  160           0.05727600         -1887.494343            -0.720305 
  161           0.06042800         -1887.494121            -0.720083 
  162           0.05470500         -1887.493913            -0.719875 
  163           0.05724100         -1887.493684            -0.719646 
  164           0.05939600         -1887.493450            -0.719412 
  165           0.06411200         -1887.493220            -0.719182 
  166           0.06035600         -1887.492980            -0.718942 
  167           0.05916900         -1887.492720            -0.718681 
  168           0.06228800         -1887.492464            -0.718426 
  169           0.06334400         -1887.492240            -0.718202 
  170           0.06800200         -1887.492052            -0.718013 
  171           0.06234800         -1887.491846            -0.717808 
  172           0.06527700         -1887.491639              -0.7176 
  173           0.06754300         -1887.491437            -0.717398 
  174           0.07056500         -1887.491241            -0.717203 
  175           0.06584100         -1887.491041            -0.717003 
  176           0.05752900         -1887.490835            -0.716796 
  177           0.05922800         -1887.490613            -0.716575 
  178           0.05959800         -1887.490387            -0.716349 
  179           0.06100500         -1887.490174            -0.716136 
  180           0.04958900         -1887.489969            -0.715931 
  181           0.05198800         -1887.489755            -0.715716 
  182           0.05350200         -1887.489537            -0.715498 
  183           0.05525500         -1887.489334            -0.715295 
  184           0.04904700         -1887.489138              -0.7151 
  185           0.05090200         -1887.488954            -0.714916 
  186           0.04894100         -1887.488796            -0.714757 
  187           0.05039600         -1887.488645            -0.714607 
  188           0.05179400         -1887.488520            -0.714482 
  189           0.05424900         -1887.488391            -0.714352 
  190           0.05487500         -1887.488278            -0.714239 
  191           0.05001100         -1887.488175            -0.714137 
  192           0.04983300         -1887.488076            -0.714038 
  193           0.05144900         -1887.487968             -0.71393 
  194           0.05287000         -1887.487879            -0.713841 
  195           0.05425800         -1887.487781            -0.713743 
  196           0.05567800         -1887.487676            -0.713637 
  197           0.05666500         -1887.487585            -0.713547 
  198           0.05759600         -1887.487499             -0.71346 
  199           0.06014800         -1887.487430            -0.713391 
