    0           2.71307800         -1885.691790                    0 
    1           2.30013300         -1885.738543           -0.0467535 
    2           1.66508700         -1885.803458            -0.111668 
    3           1.15736300         -1885.863847            -0.172058 
    4           0.84798200         -1885.914915            -0.223125 
    5           0.60682900         -1885.956068            -0.264278 
    6           0.46537900         -1885.986141            -0.294352 
    7           0.98858800         -1885.995603            -0.303813 
    8           0.82488600         -1885.998850             -0.30706 
    9           0.35846800         -1886.004981            -0.313191 
   10           0.34052800         -1886.009061            -0.317271 
   11           0.31024400         -1886.012274            -0.320485 
   12           0.28633200         -1886.015784            -0.323995 
   13           0.25543600         -1886.019543            -0.327754 
   14           0.22696400         -1886.023292            -0.331502 
   15           0.19438300         -1886.026864            -0.335074 
   16           0.19442700         -1886.029801            -0.338012 
   17           0.28054000         -1886.031305            -0.339515 
   18           0.16017600         -1886.032263            -0.340474 
   19           0.15885700         -1886.032995            -0.341205 
   20           0.14883800         -1886.033787            -0.341998 
   21           0.14511900         -1886.034664            -0.342874 
   22           0.13378600         -1886.035584            -0.343795 
   23           0.13097600         -1886.036443            -0.344653 
   24           0.12227300         -1886.037255            -0.345465 
   25           0.12341600         -1886.037919            -0.346129 
   26           0.11605600         -1886.038501            -0.346712 
   27           0.11312200         -1886.038966            -0.347177 
   28           0.10115900         -1886.039416            -0.347626 
   29           0.09855000         -1886.039843            -0.348053 
   30           0.09130700         -1886.040221            -0.348431 
   31           0.09364000         -1886.040550            -0.348761 
   32           0.09024900         -1886.040849             -0.34906 
   33           0.09174900         -1886.041128            -0.349338 
   34           0.08729800         -1886.041403            -0.349613 
   35           0.08846600         -1886.041669             -0.34988 
   36           0.08184100         -1886.041927            -0.350137 
   37           0.08025000         -1886.042170            -0.350381 
   38           0.07615100         -1886.042403            -0.350613 
   39           0.07638000         -1886.042616            -0.350826 
   40           0.07563500         -1886.042793            -0.351003 
   41           0.07748000         -1886.042965            -0.351176 
   42           0.07574600         -1886.043110             -0.35132 
   43           0.07618300         -1886.043249            -0.351459 
   44           0.07460200         -1886.043381            -0.351591 
   45           0.07133200         -1886.043493            -0.351703 
   46           0.07011200         -1886.043595            -0.351805 
   47           0.07013000         -1886.043701            -0.351911 
   48           0.06991500         -1886.043796            -0.352006 
   49           0.06860300         -1886.043884            -0.352095 
   50           0.06919000         -1886.043974            -0.352185 
   51           0.06748200         -1886.044066            -0.352276 
   52           0.06649100         -1886.044162            -0.352372 
   53           0.06605100         -1886.044256            -0.352467 
   54           0.06564100         -1886.044345            -0.352555 
   55           0.06403400         -1886.044421            -0.352631 
   56           0.06655000         -1886.044498            -0.352708 
   57           0.06713600         -1886.044566            -0.352776 
   58           0.06920500         -1886.044628            -0.352839 
   59           0.06961000         -1886.044688            -0.352899 
   60           0.06901300         -1886.044740             -0.35295 
   61           0.06915800         -1886.044790               -0.353 
   62           0.06924300         -1886.044830             -0.35304 
   63           0.06797000         -1886.044862            -0.353072 
   64           0.06784900         -1886.044897            -0.353108 
   65           0.06709200         -1886.044922            -0.353132 
   66           0.06677300         -1886.044948            -0.353158 
   67           0.06620500         -1886.044962            -0.353172 
   68           0.06764800         -1886.044970             -0.35318 
   69           0.06732200         -1886.044980             -0.35319 
   70           0.06740900         -1886.044984            -0.353194 
   71           0.06613500         -1886.044998            -0.353208 
   72           0.06733200         -1886.044998            -0.353208 
   73           0.06722200         -1886.045010             -0.35322 
   74           0.06758600         -1886.045009            -0.353219 
   75           0.06645400         -1886.045010             -0.35322 
   76           0.06821500         -1886.045009             -0.35322 
   77           0.06756500         -1886.045018            -0.353229 
   78           0.06663600         -1886.045016            -0.353226 
   79           0.06727100         -1886.045012            -0.353222 
   80           0.06649800         -1886.045008            -0.353219 
   81           0.06638300         -1886.045010             -0.35322 
   82           0.06774400         -1886.045005            -0.353215 
   83           0.06770600         -1886.045005            -0.353215 
   84           0.06704400         -1886.044996            -0.353206 
   85           0.06741800         -1886.044986            -0.353197 
   86           0.06665400         -1886.044966            -0.353177 
   87           0.06615100         -1886.044950             -0.35316 
   88           0.06624300         -1886.044931            -0.353141 
   89           0.06579100         -1886.044922            -0.353132 
   90           0.06573700         -1886.044901            -0.353111 
   91           0.06638500         -1886.044893            -0.353103 
   92           0.06697400         -1886.044882            -0.353092 
   93           0.06727900         -1886.044867            -0.353078 
   94           0.06799200         -1886.044854            -0.353064 
   95           0.06688200         -1886.044849            -0.353059 
   96           0.06902400         -1886.044832            -0.353042 
   97           0.06883600         -1886.044824            -0.353034 
   98           0.06925100         -1886.044805            -0.353016 
   99           0.07002800         -1886.044798            -0.353008 
  100           0.06982000         -1886.044774            -0.352984 
  101           0.06938900         -1886.044751            -0.352961 
  102           0.06983400         -1886.044728            -0.352938 
  103           0.06952400         -1886.044707            -0.352918 
  104           0.07051200         -1886.044681            -0.352891 
  105           0.07040600         -1886.044660             -0.35287 
  106           0.07130000         -1886.044631            -0.352842 
  107           0.07055300         -1886.044602            -0.352812 
  108           0.07148800         -1886.044563            -0.352773 
  109           0.07129200         -1886.044528            -0.352738 
  110           0.07114100         -1886.044484            -0.352694 
  111           0.07157200         -1886.044452            -0.352662 
  112           0.07053600         -1886.044421            -0.352631 
  113           0.07028200         -1886.044383            -0.352593 
  114           0.07031100         -1886.044343            -0.352553 
  115           0.06960800         -1886.044318            -0.352528 
  116           0.06982900         -1886.044280             -0.35249 
  117           0.06931200         -1886.044247            -0.352458 
  118           0.07100500         -1886.044208            -0.352419 
  119           0.07141300         -1886.044183            -0.352394 
  120           0.07186700         -1886.044153            -0.352363 
  121           0.07172400         -1886.044117            -0.352327 
  122           0.07159300         -1886.044083            -0.352293 
  123           0.07220400         -1886.044063            -0.352273 
  124           0.07528900         -1886.044023            -0.352233 
  125           0.07545800         -1886.043977            -0.352187 
  126           0.07520700         -1886.043930             -0.35214 
  127           0.07435900         -1886.043890            -0.352101 
  128           0.07379000         -1886.043843            -0.352053 
  129           0.07444000         -1886.043800            -0.352011 
  130           0.07402300         -1886.043764            -0.351974 
  131           0.07403200         -1886.043721            -0.351931 
  132           0.07422900         -1886.043682            -0.351892 
  133           0.07319000         -1886.043642            -0.351852 
  134           0.07338700         -1886.043593            -0.351804 
  135           0.07322000         -1886.043557            -0.351767 
  136           0.07270100         -1886.043514            -0.351724 
  137           0.07288900         -1886.043477            -0.351687 
  138           0.07304000         -1886.043434            -0.351644 
  139           0.07319800         -1886.043398            -0.351608 
  140           0.07345800         -1886.043360             -0.35157 
  141           0.07298600         -1886.043317            -0.351528 
  142           0.07394700         -1886.043276            -0.351486 
  143           0.07348000         -1886.043233            -0.351443 
  144           0.07295000         -1886.043185            -0.351395 
  145           0.07139700         -1886.043138            -0.351348 
  146           0.07216100         -1886.043087            -0.351297 
  147           0.07288100         -1886.043066            -0.351276 
  148           0.07476000         -1886.043019             -0.35123 
  149           0.07533400         -1886.042969             -0.35118 
  150           0.07555700         -1886.042927            -0.351137 
  151           0.07646600         -1886.042888            -0.351099 
  152           0.07663400         -1886.042842            -0.351053 
  153           0.07651200         -1886.042798            -0.351008 
  154           0.07751800         -1886.042750             -0.35096 
  155           0.07813100         -1886.042710             -0.35092 
  156           0.07790500         -1886.042670             -0.35088 
  157           0.07742600         -1886.042635            -0.350846 
  158           0.07695900         -1886.042601            -0.350811 
  159           0.07742900         -1886.042570             -0.35078 
  160           0.07738200         -1886.042536            -0.350746 
  161           0.07619900         -1886.042514            -0.350724 
  162           0.07666300         -1886.042480             -0.35069 
  163           0.07931600         -1886.042462            -0.350672 
  164           0.07824700         -1886.042435            -0.350645 
  165           0.07961300         -1886.042393            -0.350603 
  166           0.07854300         -1886.042357            -0.350568 
  167           0.07803500         -1886.042329            -0.350539 
  168           0.07831300         -1886.042290              -0.3505 
  169           0.07718300         -1886.042255            -0.350465 
  170           0.07713300         -1886.042222            -0.350432 
  171           0.07909200         -1886.042181            -0.350392 
  172           0.07764400         -1886.042144            -0.350355 
  173           0.07807000         -1886.042100             -0.35031 
  174           0.07832100         -1886.042041            -0.350251 
  175           0.07819200         -1886.041999            -0.350209 
  176           0.07593300         -1886.041954            -0.350165 
  177           0.07609300         -1886.041912            -0.350122 
  178           0.07632700         -1886.041867            -0.350077 
  179           0.07784400         -1886.041829             -0.35004 
  180           0.07807900         -1886.041778            -0.349989 
  181           0.07936400         -1886.041747            -0.349958 
  182           0.07866900         -1886.041707            -0.349917 
  183           0.07994400         -1886.041662            -0.349872 
  184           0.07947100         -1886.041602            -0.349812 
  185           0.08104700         -1886.041542            -0.349752 
  186           0.08185700         -1886.041480             -0.34969 
  187           0.08301800         -1886.041412            -0.349622 
  188           0.08299800         -1886.041342            -0.349552 
  189           0.08371700         -1886.041274            -0.349484 
  190           0.08232900         -1886.041198            -0.349409 
  191           0.08254900         -1886.041122            -0.349332 
  192           0.08008300         -1886.041039            -0.349249 
  193           0.08074100         -1886.040962            -0.349172 
  194           0.08003300         -1886.040888            -0.349098 
  195           0.08163100         -1886.040789            -0.348999 
  196           0.08082100         -1886.040679             -0.34889 
  197           0.08072200         -1886.040568            -0.348778 
  198           0.07920700         -1886.040465            -0.348675 
  199           0.08035800         -1886.040342            -0.348552 
